1
3
13
15
18
24
28
40
62
63
67
73
77
81
82
87
91
92
99
108
116
118
119
126
151
156
159
161
162
163
167
169
172
178
181
184
189
194
197
207
211
213
219
228
231
233
235
242
244
248
259
261
281
284
286
289
290
293
294
297
300
313
319
320
329
334
347
355
358
363
365
372
373
379
381
384
389
390
392
406
414
422
434
442
448
456
460
461
469
470
475
480
483
491
498
499
501
515
519
524
528
540
550
552
555
564
569
574
576
582
584
591
595
601
605
611
615
616
617
619
621
624
625
631
633
635
638
643
650
653
657
663
665
671
682
683
701
705
709
712
715
720
725
727
729
733
735
736
738
741
744
750
759
765
773
785
786
792
796
802
805
808
811
812
815
817
821
829
839
849
856
857
858
859
860
865
867
873
882
886
887
901
904
909
913
914
927
932
938
940
941
945
946
950
951
953
954
975
985
993
995
999
1000
1002
1004
1014
1015
1020
1022
1024
1026
1029
1032
1033
1036
1039
1044
1045
1046
1047
1051
1052
1053
1058
1059
1061
1075
1079
1081
1083
1096
1098
1099
1101
1102
1103
1118
1121
1122
1123
1130
1136
1137
1139
1141
1144
1145
1151
1153
1157
1159
1164
1165
1166
1173
1179
1188
1190
1191
1194
1197
1205
1209
1211
1223
1227
1239
1245
1246
1252
1253
1255
1259
1265
1273
1275
1286
1290
1291
1297
1310
1314
1317
1324
1328
1331
1333
1335
1337
1343
1345
1348
1355
1366
1369
1372
1374
1376
1398
1399
1401
1402
1409
1410
1415
1424
1431
1436
1452
1454
1460
1473
1477
1486
1488
1489
1491
1495
1496
1499
1502
1512
1520
1522
1532
1535
1536
1540
1542
1547
1550
1554
1562
1563
1568
1573
1580
1584
1588
1589
1594
1595
1597
1605
1614
1616
1626
1629
1630
1635
1645
1648
1649
1650
1655
1657
1664
1672
1676
1677
1688
1689
1692
1694
1700
1701
1707
1710
1715
1717
1725
1730
1731
1734
1737
1738
1741
1763
1767
1770
1785
1793
1798
1799
1817
1818
1834
1836
1841
1853
1857
1863
1866
1871
1875
1880
1882
1894
1896
1900
1914
1925
1926
1936
1937
1945
1954
1955
1956
1960
1967
1969
1970
1976
1979
1981
1998
2003
2008
2010
2013
2022
2023
2024
2026
2030
2032
2035
2036
2042
2047
2048
2056
2062
2063
2067
2074
2079
2084
2087
2092
2099
2101
2104
2107
2108
2111
2113
2116
2122
2143
2145
2146
2149
2153
2173
2182
2187
2193
2197
2198
2199
2205
2208
2210
2211
2212
2213
2214
2216
2217
2220
2224
2225
2228
2230
2236
2238
2248
2255
2259
2260
2263
2272
2280
2282
2287
2297
2301
2308
2312
2319
2320
2322
2326
2329
2330
2333
2334
2339
2343
2347
2348
2350
2352
2357
2359
2362
2364
2365
2368
2374
2375
2377
2378
2381
2382
2387
2390
2391
2405
2407
2410
2416
2426
2428
2437
2440
2441
2442
2444
2450
2452
2456
2458
2471
2475
2479
2480
2482
2492
2501
2504
2506
2515
2516
2517
2519
2522
2526
2528
2530
2531
2533
2534
2540
2546
2557
2560
2566
2572
2582
2597
2600
2603
2609
2610
2611
2614
2619
2624
2627
2629
2638
2640
2646
2661
2666
2673
2674
2679
2697
2702
2713
2716
2721
2722
2723
2724
2726
2731
2735
2736
2740
2745
2747
2749
2751
2753
2760
2761
2778
2782
2786
2788
2795
2809
2812
2818
2819
2821
2824
2825
2826
2831
2832
2834
2838
2840
2841
2843
2845
2846
2848
2861
2862
2868
2869
2872
2874
2883
2885
2887
2888
2889
2893
2895
2905
2916
2917
2925
2927
2935
2936
2940
2942
2947
2954
2955
2957
2966
2968
2972
2979
2980
2991
2996
2999
3003
3004
3005
3008
3012
3013
3015
3025
3036
3038
3040
3048
3050
3051
3056
3058
3066
3073
3083
3086
3100
3102
3108
3110
3114
3127
3130
3131
3136
3139
3148
3149
3153
3154
3156
3162
3169
3170
3177
3190
3197
3198
3199
3203
3207
3210
3215
3216
3231
3232
3236
3240
3241
3243
3247
3251
3252
3253
3258
3260
3264
3267
3269
3270
3273
3274
3276
3281
3283
3286
3288
3290
3302
3306
3308
3310
3319
3322
3324
3327
3328
3330
3331
3338
3344
3355
3359
3367
3370
3376
3379
3382
3383
3391
3393
3396
3397
3401
3414
3416
3429
3435
3447
3466
3467
3469
3470
3478
3481
3482
3485
3487
3488
3490
3491
3505
3506
3510
3512
3517
3525
3527
3528
3533
3534
3535
3537
3541
3542
3546
3549
3557
3559
3564
3565
3570
3571
3576
3577
3585
3591
3594
3596
3598
3602
3605
3610
3623
3625
3627
3639
3646
3647
3654
3656
3660
3663
3664
3667
3681
3684
3687
3690
3696
3699
3701
3702
3703
3709
3717
3720
3723
3728
3738
3744
3748
3753
3754
3762
3766
3774
3775
3782
3788
3793
3800
3803
3806
3811
3813
3821
3822
3824
3836
3845
3856
3857
3865
3866
3873
3877
3886
3890
3893
3895
3896
3898
3919
3925
3935
3942
3943
3945
3954
3955
3956
3958
3969
3972
3975
3976
3982
3990
3991
4002
4005
4015
4020
4021
4022
4026
4036
4038
4041
4044
4045
4046
4051
4056
4071
4077
4080
4081
4091
4092
4094
4101
4102
4110
4130
4135
4140
4141
4147
4153
4154
4155
4156
4159
4177
4178
4181
4189
4199
4206
4211
4214
4218
4224
4225
4227
4229
4232
4238
4242
4247
4257
4261
4271
4272
4273
4275
4277
4278
4284
4286
4289
4299
4304
4314
4315
4330
4338
4343
4347
4348
4350
4356
4357
4366
4372
4376
4382
4386
4392
4395
4399
4401
4402
4407
4413
4414
4417
4422
4426
4428
4433
4444
4452
4458
4466
4472
4474
4476
4478
4483
4486
4487
4506
4507
4514
4516
4517
4521
4523
4527
4529
4533
4537
4542
4546
4549
4556
4562
4563
4569
4577
4584
4587
4589
4590
4599
4604
4605
4613
4620
4624
4632
4637
4642
4648
4650
4674
4675
4681
4685
4688
4689
4700
4707
4714
4722
4728
4741
4742
4747
4750
4756
4758
4760
4764
4767
4775
4776
4785
4794
4799
4811
4813
4825
4827
4830
4833
4836
4837
4844
4846
4847
4849
4853
4855
4861
4862
4874
4875
4881
4882
4901
4902
4903
4911
4914
4915
4917
4923
4927
4928
4929
4932
4934
4945
4949
4951
4956
4959
4966
4968
4979
4980
4981
5000
5004
5006
5008
5021
5023
5026
5035
5042
5044
5045
5046
5051
5053
5062
5063
5064
5066
5071
5072
5073
5074
5083
5087
5092
5103
5106
5124
5132
5133
5140
5152
5164
5166
5173
5174
5176
5177
5180
5183
5184
5187
5192
5199
5207
5209
5214
5220
5225
5227
5234
5239
5240
5247
5249
5253
5263
5270
5275
5278
5279
5281
5285
5292
5295
5296
5306
5308
5309
5311
5319
5320
5327
5328
5333
5336
5343
5344
5347
5349
5350
5360
5363
5366
5368
5372
5385
5386
5390
5392
5397
5399
5410
5421
5422
5424
5426
5437
5441
5450
5454
5456
5458
5461
5462
5468
5472
5473
5478
5484
5490
5492
5502
5516
5521
5523
5524
5536
5544
5547
5551
5552
5553
5555
5561
5573
5577
5590
5592
5595
5598
5600
5607
5619
5628
5629
5630
5634
5639
5651
5655
5664
5665
5667
5679
5683
5685
5691
5697
5698
5709
5711
5714
5722
5729
5730
5737
5740
5747
5748
5754
5761
5765
5771
5783
5785
5790
5793
5804
5809
5811
5814
5815
5816
5830
5834
5838
5842
5846
5847
5848
5853
5858
5868
5869
5883
5886
5887
5889
5899
5905
5907
5909
5911
5916
5917
5922
5924
5931
5932
5939
5942
5953
5955
5957
5959
5967
5970
5974
5975
5980
5986
5988
5992
5994
5996
5998
6004
6005
6010
6011
6019
6028
6031
6034
6039
6040
6042
6045
6049
6053
6067
6089
6090
6091
6097
6099
6101
6106
6111
6113
6116
6121
6122
6132
6133
6134
6135
6139
6144
6147
6148
6150
6153
6157
6160
6169
6174
6176
6180
6183
6192
6195
6201
6213
6219
6226
6230
6236
6239
6244
6245
6246
6247
6254
6262
6274
6282
6287
6294
6304
6306
6313
6314
6318
6322
6327
6330
6334
6341
6350
6353
6357
6359
6360
6364
6379
6384
6385
6395
6397
6403
6407
6408
6412
6413
6416
6424
6426
6428
6429
6432
6442
6448
6449
6450
6456
6458
6461
6467
6469
6477
6482
6489
6492
6500
6505
6506
6520
6527
6529
6536
6548
6549
6551
6552
6554
6555
6562
6571
6575
6576
6589
6595
6598
6600
6605
6613
6615
6617
6618
6622
6623
6632
6637
6638
6644
6649
6651
6652
6661
6667
6668
6684
6686
6688
6693
6698
6701
6704
6705
6710
6715
6718
6723
6726
6730
6731
6734
6736
6737
6739
6741
6744
6747
6755
6756
6761
6779
6784
6785
6787
6788
6798
6800
6804
6809
6821
6825
6828
6839
6846
6847
6849
6862
6867
6871
6879
6893
6895
6897
6912
6916
6929
6930
6949
6956
6958
6965
6971
6973
6975
6976
6977
6978
6986
6987
6996
6997
7010
7012
7017
7019
7022
7024
7035
7043
7045
7054
7063
7066
7069
7070
7077
7088
7089
7101
7120
7121
7139
7140
7143
7150
7155
7157
7160
7166
7178
7190
7191
7196
7208
7210
7218
7220
7221
7236
7241
7250
7253
7255
7257
7258
7261
7264
7272
7277
7286
7290
7292
7293
7299
7302
7305
7311
7312
7314
7322
7323
7329
7330
7340
7346
7361
7372
7375
7386
7389
7390
7399
7401
7410
7413
7414
7419
7421
7424
7426
7427
7428
7430
7432
7434
7452
7466
7470
7473
7474
7479
7482
7488
7491
7492
7498
7510
7514
7515
7524
7526
7528
7529
7530
7531
7537
7538
7542
7545
7559
7564
7565
7570
7572
7573
7585
7592
7593
7597
7598
7599
7616
7619
7631
7635
7636
7637
7644
7647
7648
7652
7661
7670
7673
7680
7690
7697
7699
7701
7703
7704
7710
7717
7720
7728
7735
7745
7746
7753
7754
7758
7763
7767
7774
7792
7798
7802
7804
7811
7823
7838
7844
7845
7849
7851
7853
7863
7880
7888
7891
7892
7906
7910
7918
7924
7929
7930
7933
7937
7938
7957
7963
7965
7976
7984
7988
7994
7997
8011
8014
8017
8024
8025
8026
8031
8038
8046
8052
8060
8066
8073
8079
8082
8086
8088
8091
8092
8097
8112
8116
8117
8130
8135
8138
8139
8140
8142
8144
8145
8146
8148
8151
8161
8164
8168
8173
8180
8184
8189
8192
8195
8196
8198
8213
8215
8218
8227
8239
8245
8247
8250
8266
8267
8275
8278
8282
8285
8301
8302
8307
8308
8309
8317
8332
8336
8337
8339
8344
8345
8354
8358
8360
8363
8365
8368
8374
8379
8385
8391
8392
8395
8397
8403
8416
8424
8431
8432
8434
8436
8439
8440
8441
8447
8448
8449
8453
8462
8466
8469
8472
8473
8490
8491
8492
8493
8513
8517
8518
8524
8527
8529
8535
8557
8564
8573
8575
8576
8577
8580
8584
8585
8601
8605
8621
8630
8631
8638
8640
8645
8660
8663
8669
8670
8678
8680
8681
8683
8702
8703
8710
8725
8726
8727
8728
8737
8739
8740
8741
8743
8746
8747
8752
8755
8761
8769
8775
8780
8782
8786
8788
8790
8795
8797
8799
8803
8804
8808
8815
8816
8821
8823
8827
8840
8841
8846
8857
8860
8867
8871
8878
8883
8885
8887
8895
8903
8905
8914
8916
8918
8920
8927
8928
8933
8935
8937
8945
8946
8950
8957
8969
8982
8983
8988
8995
8996
8998
8999
9000
9008
9014
9025
9027
9043
9048
9051
9052
9056
9058
9061
9068
9074
9075
9078
9081
9086
9091
9092
9100
9103
9108
9111
9113
9117
9119
9133
9137
9142
9144
9145
9146
9149
9156
9159
9160
9161
9164
9166
9168
9169
9177
9179
9191
9195
9196
9200
9203
9208
9219
9220
9221
9225
9226
9229
9231
9234
9240
9242
9247
9253
9258
9259
9260
9263
9277
9278
9285
9291
9292
9300
9306
9314
9324
9327
9328
9333
9342
9353
9361
9366
9368
9378
9381
9382
9383
9384
9393
9395
9404
9406
9407
9412
9414
9415
9418
9423
9442
9444
9445
9450
9451
9453
9456
9465
9480
9485
9492
9502
9504
9507
9509
9512
9514
9516
9521
9523
9524
9527
9531
9540
9576
9577
9580
9583
9594
9598
9605
9609
9610
9611
9614
9622
9623
9628
9631
9633
9637
9638
9639
9646
9649
9652
9653
9655
9664
9667
9668
9670
9687
9689
9691
9698
9700
9702
9703
9707
9709
9710
9717
9719
9720
9721
9723
9726
9728
9733
9740
9745
9750
9761
9762
9763
9765
9789
9795
9802
9809
9818
9829
9834
9836
9844
9863
9864
9870
9875
9876
9890
9891
9895
9898
9900
9909
9912
9920
9925
9929
9946
9952
9964
9969
9973
9974
9977
9985
9987
9994
9995
9998
10010
10012
10013
10016
10020
10031
10037
10038
10040
10044
10052
10062
10069
10073
10075
10080
10084
10092
10118
10127
10128
10142
10150
10152
10155
10163
10172
10177
10179
10180
10181
10183
10185
10187
10188
10195
10197
10205
10210
10222
10224
10225
10241
10245
10256
10264
10268
10270
10271
10274
10281
10283
10287
10289
10290
10292
10296
10304
10309
10312
10314
10324
10331
10339
10344
10346
10359
10366
10368
10371
10379
10382
10389
10391
10394
10395
10396
10397
10407
10408
10415
10420
10435
10436
10444
10445
10455
10456
10469
10471
10473
10482
10491
10493
10499
10505
10507
10508
10516
10519
10521
10527
10529
10532
10535
10536
10538
10544
10547
10552
10554
10555
10567
10582
10585
10586
10588
10594
10596
10598
10600
10601
10606
10613
10615
10617
10622
10624
10631
10632
10639
10642
10656
10659
10670
10673
10685
10689
10692
10695
10703
10707
10714
10722
10726
10738
10744
10745
10750
10759
10761
10765
10771
10773
10774
10786
10790
10792
10794
10797
10800
10809
10816
10818
10824
10826
10827
10830
10838
10840
10841
10842
10847
10848
10853
10854
10857
10858
10859
10863
10864
10865
10874
10878
10888
10892
10898
10899
10906
10909
10913
10915
10920
10921
10927
10928
10930
10933
10937
10939
10950
10951
10952
10953
10960
10961
10962
10964
10976
10980
10982
10983
10992
10993
10996
10998
11001
11005
11014
11020
11023
11033
11036
11044
11050
11053
11061
11063
11068
11071
11072
11073
11074
11081
11082
11084
11085
11088
11089
11095
11100
11102
11104
11105
11108
11109
11118
11136
11147
11155
11156
11160
11163
11165
11171
11175
11181
11185
11188
11189
11192
11196
11197
11203
11210
11216
11222
11223
11224
11225
11231
11237
11238
11239
11240
11244
11245
11248
11249
11251
11252
11254
11258
11263
11267
11271
11282
11285
11298
11305
11307
11311
11312
11318
11319
11320
11323
11328
11329
11332
11333
11334
11336
11338
11341
11342
11344
11346
11347
11348
11350
11365
11380
11385
11391
11395
11397
11399
11400
11407
11418
11424
11431
11440
11442
11444
11445
11448
11449
11455
11460
11476
11479
11484
11485
11490
11491
11499
11513
11515
11517
11521
11523
11524
11525
11531
11534
11536
11539
11541
11544
11558
11560
11564
11567
11569
11581
11588
11602
11614
11617
11622
11631
11634
11639
11644
11647
11650
11661
11673
11674
11684
11685
11686
11688
11694
11699
11702
11704
11705
11706
11715
11716
11726
11727
11735
11739
11742
11751
11755
11762
11765
11766
11767
11774
11777
11783
11787
11789
11794
11798
11802
11811
11814
11819
11822
11826
11834
11837
11841
11844
11848
11853
11854
11860
11865
11866
11873
11876
11879
11885
11893
11895
11897
11904
11910
11917
11927
11930
11950
11955
11963
11967
11970
11992
11994
12003
12004
12010
12022
12029
12032
12033
12037
12047
12051
12057
12061
12062
12069
12072
12077
12078
12087
12093
12094
12097
12099
12103
12105
12109
12114
12115
12120
12125
12129
12130
12131
12135
12145
12146
12162
12164
12167
12168
12179
12183
12190
12191
12196
12198
12215
12218
12225
12228
12229
12237
12244
12263
12265
12267
12269
12277
12281
12282
12286
12305
12307
12313
12321
12323
12326
12328
12329
12331
12347
12349
12360
12366
12373
12374
12382
12384
12408
12409
12417
12421
12422
12424
12430
12435
12438
12441
12445
12453
12455
12459
12469
12471
12486
12487
12498
12502
12507
12510
12513
12514
12516
12517
12519
12520
12522
12523
12526
12527
12528
12531
12545
12546
12553
12563
12566
12570
12588
12591
12592
12599
12609
12612
12615
12624
12625
12633
12638
12640
12641
12649
12652
12656
12663
12670
12671
12674
12676
12691
12695
12709
12719
12722
12728
12733
12736
12738
12739
12740
12749
12757
12758
12759
12762
12770
12775
12783
12787
12794
12797
12801
12804
12805
12806
12810
12811
12814
12820
12823
12831
12834
12837
12838
12844
12848
12858
12860
12870
12872
12876
12879
12883
12884
12885
12893
12897
12900
12904
12909
12911
12922
12923
12928
12936
12937
12938
12942
12945
12956
12961
12963
12968
12978
12990
12999
13001
13002
13007
13010
13013
13016
13026
13029
13030
13031
13032
13034
13039
13050
13053
13064
13067
13079
13088
13090
13093
13099
13101
13113
13114
13116
13117
13119
13121
13123
13126
13133
13141
13147
13151
13156
13160
13162
13164
13166
13167
13170
13179
13186
13200
13204
13205
13208
13216
13218
13231
13240
13241
13244
13245
13247
13249
13251
13272
13278
13280
13281
13295
13296
13300
13302
13306
13310
13312
13317
13333
13339
13345
13349
13355
13358
13359
13361
13363
13379
13382
13383
13391
13394
13395
13396
13398
13399
13403
13404
13405
13407
13410
13412
13416
13417
13423
13425
13430
13438
13440
13442
13444
13446
13449
13460
13462
13466
13468
13472
13473
13479
13480
13482
13492
13498
13499
13501
13519
13533
13535
13540
13547
13552
13553
13559
13565
13567
13570
13572
13573
13578
13581
13585
13587
13588
13590
13595
13603
13607
13613
13615
13622
13630
13637
13639
13641
13649
13655
13669
13677
13686
13698
13705
13711
13714
13720
13721
13725
13731
13733
13760
13768
13772
13776
13777
13786
13791
13792
13802
13809
13812
13819
13821
13822
13823
13829
13830
13833
13840
13843
13852
13854
13862
13864
13876
13877
13879
13880
13881
13893
13897
13900
13904
13910
13914
13917
13927
13937
13939
13941
13943
13946
13949
13950
13959
13960
13961
13964
13969
13970
13972
13973
13976
13977
13978
13980
13981
13999
14016
14021
14029
14032
14038
14042
14047
14048
14050
14052
14059
14077
14087
14089
14096
14106
14107
14110
14111
14117
14120
14122
14124
14126
14127
14128
14132
14145
14146
14153
14155
14156
14173
14176
14181
14198
14200
14201
14206
14211
14212
14223
14236
14239
14246
14256
14257
14260
14261
14266
14268
14272
14274
14285
14286
14294
14296
14300
14316
14319
14321
14325
14328
14332
14333
14342
14347
14348
14351
14355
14364
14368
14372
14373
14382
14390
14392
14397
14398
14401
14410
14412
14414
14418
14419
14423
14427
14429
14432
14436
14437
14438
14443
14448
14449
14454
14458
14473
14476
14479
14484
14485
14486
14489
14499
14503
14515
14517
14518
14522
14525
14527
14534
14536
14538
14543
14546
14557
14559
14569
14571
14574
14583
14586
14588
14591
14601
14607
14613
14625
14631
14639
14643
14650
14652
14655
14656
14659
14660
14662
14669
14689
14691
14696
14702
14709
14717
14724
14730
14734
14735
14737
14738
14742
14753
14758
14759
14767
14775
14782
14785
14790
14795
14797
14798
14799
14801
14803
14819
14823
14826
14835
14852
14859
14862
14870
14872
14876
14880
14886
14889
14898
14911
14912
14918
14925
14926
14927
14928
14933
14934
14962
14963
14965
14979
14981
14982
14983
14991
14992
14995
14996
14997
14998
15004
15025
15030
15033
15036
15040
15042
15050
15051
15055
15056
15059
15061
15063
15069
15071
15072
15076
15079
15085
15094
15110
15121
15125
15126
15133
15134
15137
15139
15142
15148
15158
15165
15169
15171
15173
15174
15176
15181
15182
15194
15196
15201
15205
15216
15218
15222
15223
15226
15227
15229
15238
15240
15241
15244
15250
15258
15266
15269
15275
15279
15283
15286
15291
15295
15300
15301
15319
15322
15328
15331
15346
15350
15351
15353
15354
15356
15359
15361
15369
15371
15372
15374
15375
15379
15382
15383
15386
15395
15406
15409
15414
15420
15426
15430
15432
15438
15450
15457
15463
15466
15469
15475
15489
15491
15493
15501
15502
15517
15518
15519
15520
15524
15526
15528
15532
15537
15548
15549
15558
15560
15563
15567
15568
15583
15588
15598
15611
15613
15616
15617
15619
15620
15622
15624
15625
15632
15633
15640
15642
15649
15651
15653
15654
15661
15664
15667
15669
15670
15671
15677
15680
15681
15692
15695
15708
15712
15721
15722
15723
15726
15731
15734
15735
15737
15738
15746
15761
15768
15772
15777
15780
15784
15788
15789
15793
15796
15797
15798
15800
15803
15808
15810
15814
15817
15822
15824
15825
15834
15847
15852
15853
15859
15870
15874
15876
15878
15879
15882
15887
15892
15893
15911
15917
15919
15922
15931
15933
15937
15938
15939
15940
15951
15955
15957
15973
15980
15985
15988
15991
15992
16003
16011
16012
16014
16019
16023
16024
16031
16033
16034
16035
16043
16045
16047
16056
16064
16065
16069
16070
16072
16084
16089
16090
16099
16105
16112
16114
16124
16126
16128
16137
16141
16145
16150
16155
16157
16159
16161
16162
16165
16168
16169
16175
16181
16182
16183
16197
16200
16202
16212
16213
16214
16215
16219
16220
16224
16230
16234
16239
16243
16247
16253
16254
16268
16270
16273
16274
16275
16276
16283
16293
16294
16302
16305
16310
16319
16320
16321
16324
16325
16327
16336
16339
16345
16348
16362
16368
16371
16372
16374
16385
16389
16397
16399
16400
16402
16403
16407
16410
16413
16416
16418
16421
16423
16426
16428
16436
16437
16443
16444
16454
16457
16464
16472
16475
16485
16487
16488
16491
16501
16508
16509
16518
16534
16538
16548
16561
16562
16567
16576
16578
16585
16589
16596
16601
16602
16603
16610
16613
16614
16621
16629
16631
16632
16635
16638
16648
16654
16657
16659
16666
16674
16675
16682
16704
16707
16714
16716
16717
16721
16725
16734
16744
16745
16749
16750
16751
16753
16755
16759
16762
16772
16776
16778
16784
16789
16790
16791
16794
16796
16798
16803
16806
16808
16811
16812
16817
16819
16821
16823
16828
16829
16834
16837
16841
16843
16856
16863
16867
16868
16879
16887
16893
16896
16907
16911
16921
16924
16930
16931
16935
16938
16941
16942
16945
16950
16951
16958
16968
16972
16975
16979
16980
16981
16985
16996
16999
17003
17004
17005
17012
17018
17020
17021
17028
17030
17033
17034
17035
17047
17050
17063
17070
17072
17079
17092
17095
17096
17098
17109
17111
17114
17115
17121
17126
17134
17142
17143
17144
17147
17151
17163
17165
17166
17174
17182
17188
17190
17196
17198
17200
17201
17206
17209
17210
17217
17220
17222
17223
17225
17229
17230
17231
17233
17236
17250
17259
17260
17267
17268
17269
17273
17279
17289
17299
17300
17302
17319
17320
17327
17339
17351
17354
17356
17361
17365
17387
17389
17398
17403
17404
17405
17406
17409
17412
17414
17415
17422
17426
17428
17431
17438
17439
17442
17446
17448
17453
17465
17480
17482
17508
17524
17540
17547
17550
17552
17556
17562
17584
17587
17589
17597
17600
17603
17606
17612
17619
17621
17624
17630
17632
17635
17639
17640
17643
17644
17650
17655
17657
17667
17673
17678
17680
17688
17691
17694
17695
17697
17698
17708
17710
17713
17719
17721
17725
17730
17733
17735
17738
17740
17741
17743
17744
17750
17758
17763
17765
17766
17777
17779
17781
17783
17793
17799
17800
17802
17806
17809
17810
17811
17813
17820
17821
17825
17834
17836
17837
17848
17852
17855
17857
17860
17868
17879
17883
17885
17886
17890
17893
17903
17915
17919
17920
17927
17936
17939
17948
17958
17960
17970
17973
17975
17976
17977
17978
17979
17982
18000
18005
18030
18033
18035
18042
18046
18052
18056
18058
18061
18073
18076
18079
18085
18087
18089
18090
18095
18116
18123
18126
18127
18128
18144
18145
18146
18148
18155
18163
18172
18173
18175
18181
18183
18202
18203
18206
18209
18211
18215
18228
18237
18240
18250
18256
18260
18261
18266
18277
18279
18283
18284
18287
18291
18296
18298
18304
18312
18320
18324
18332
18342
18344
18359
18361
18363
18365
18371
18372
18376
18385
18393
18399
18411
18413
18417
18426
18433
18439
18440
18441
18448
18459
18461
18463
18477
18482
18492
18496
18497
18509
18510
18512
18515
18518
18519
18522
18524
18534
18537
18538
18544
18548
18552
18559
18562
18565
18570
18577
18581
18582
18585
18587
18589
18590
18591
18592
18597
18598
18603
18609
18610
18620
18623
18626
18628
18629
18633
18639
18641
18642
18651
18656
18657
18660
18670
18672
18690
18696
18707
18716
18723
18726
18728
18732
18756
18759
18765
18776
18777
18780
18785
18790
18791
18796
18804
18815
18821
18824
18827
18832
18835
18845
18850
18853
18856
18862
18864
18866
18869
18872
18878
18901
18902
18907
18908
18909
18922
18924
18929
18932
18934
18935
18936
18939
18943
18944
18958
18959
18961
18964
18994
18997
19003
19012
19014
19015
19016
19019
19026
19032
19036
19038
19041
19053
19054
19057
19063
19064
19066
19070
19074
19077
19080
19090
19091
19108
19112
19122
19130
19137
19139
19141
19143
19144
19150
19152
19155
19156
19165
19167
19172
19178
19181
19192
19194
19199
19200
19207
19222
19248
19251
19255
19256
19258
19261
19263
19266
19269
19270
19271
19274
19305
19307
19309
19311
19312
19315
19316
19321
19322
19324
19326
19327
19332
19334
19336
19339
19341
19354
19355
19368
19369
19372
19375
19376
19379
19384
19405
19406
19414
19419
19420
19421
19422
19425
19430
19444
19454
19465
19471
19475
19477
19478
19482
19492
19497
19501
19510
19520
19522
19532
19536
19539
19540
19541
19552
19557
19559
19565
19572
19573
19577
19584
19592
19595
19599
19610
19617
19618
19620
19622
19623
19626
19627
19628
19629
19630
19631
19644
19648
19652
19656
19658
19659
19661
19664
19673
19683
19684
19690
19697
19701
19704
19708
19711
19713
19723
19728
19730
19732
19741
19745
19753
19763
19767
19771
19780
19783
19792
19794
19795
19812
19813
19817
19820
19821
19825
19827
19830
19837
19843
19860
19863
19864
19865
19867
19871
19875
19879
19884
19899
19913
19916
19921
19923
19925
19927
19930
19932
19938
19942
19946
19948
19951
19953
19959
19962
19967
19969
19970
19986
19992
20007
20013
20014
20018
20019
20020
20023
20027
20039
20047
20053
20057
20062
20067
20070
20084
20087
20099
20107
20110
20116
20118
20123
20128
20137
20141
20142
20145
20148
20149
20152
20153
20159
20166
20171
20172
20183
20188
20190
20199
20200
20208
20211
20217
20225
20232
20239
20245
20246
20247
20248
20249
20252
20253
20270
20271
20272
20273
20278
20288
20289
20295
20296
20298
20302
20304
20306
20313
20326
20336
20341
20347
20348
20351
20354
20355
20379
20383
20386
20389
20394
20407
20409
20410
20421
20425
20427
20429
20431
20436
20438
20447
20449
20453
20454
20460
20462
20467
20469
20470
20471
20485
20488
20489
20493
20498
20501
20504
20510
20513
20520
20522
20523
20524
20528
20529
20535
20539
20543
20545
20550
20554
20555
20566
20579
20581
20585
20587
20592
20597
20604
20608
20610
20612
20613
20614
20619
20622
20626
20628
20629
20634
20636
20638
20649
20655
20660
20663
20673
20675
20685
20691
20696
20698
20699
20701
20711
20714
20716
20717
20739
20740
20748
20751
20753
20774
20777
20782
20785
20794
20809
20810
20815
20819
20822
20823
20827
20832
20836
20839
20842
20847
20856
20859
20871
20878
20879
20883
20886
20903
20904
20917
20918
20919
20922
20927
20932
20939
20942
20944
20976
20980
20981
20983
20985
20989
20990
20997
21000
21003
21005
21015
21018
21021
21023
21024
21026
21030
21034
21035
21036
21038
21047
21058
21061
21064
21079
21083
21086
21087
21090
21096
21102
21106
21107
21122
21123
21125
21136
21151
21168
21175
21176
21177
21188
21193
21195
21198
21201
21203
21212
21214
21215
21223
21227
21229
21244
21255
21256
21262
21273
21280
21281
21288
21293
21303
21309
21315
21320
21321
21328
21338
21342
21343
21345
21347
21350
21353
21358
21360
21366
21367
21371
21379
21385
21390
21395
21399
21402
21407
21409
21416
21418
21422
21426
21430
21437
21439
21440
21442
21445
21446
21449
21452
21469
21471
21473
21475
21480
21483
21486
21490
21492
21498
21510
21517
21518
21521
21530
21532
21534
21535
21537
21540
21551
21582
21587
21590
21593
21597
21602
21608
21624
21626
21632
21635
21643
21647
21648
21657
21669
21676
21678
21680
21686
21687
21691
21694
21696
21699
21701
21702
21719
21722
21726
21729
21735
21739
21747
21748
21750
21751
21752
21754
21759
21780
21802
21803
21808
21811
21813
21815
21816
21819
21820
21839
21844
21852
21853
21859
21860
21880
21886
21889
21890
21916
21928
21929
21935
21942
21946
21953
21955
21956
21964
21968
21979
21991
21993
21995
21998
22002
22005
22021
22032
22034
22040
22043
22057
22063
22075
22080
22081
22082
22083
22089
22090
22095
22096
22103
22108
22109
22112
22114
22123
22127
22131
22134
22135
22136
22138
22139
22141
22152
22153
22154
22162
22168
22175
22183
22188
22189
22190
22192
22193
22202
22203
22208
22214
22224
22226
22231
22234
22245
22254
22261
22265
22267
22270
22272
22276
22278
22284
22287
22312
22320
22326
22338
22344
22353
22357
22358
22360
22361
22362
22364
22369
22371
22373
22377
22384
22386
22389
22391
22392
22394
22395
22396
22397
22398
22406
22409
22413
22422
22428
22434
22436
22437
22439
22446
22452
22454
22457
22460
22463
22466
22468
22480
22481
22505
22512
22514
22516
22518
22522
22528
22533
22538
22541
22545
22558
22559
22560
22562
22565
22569
22579
22580
22582
22584
22586
22587
22595
22603
22605
22626
22627
22629
22630
22632
22633
22637
22643
22649
22652
22661
22665
22668
22670
22679
22680
22682
22686
22692
22700
22702
22705
22707
22709
22711
22718
22719
22720
22721
22725
22728
22733
22736
22745
22746
22748
22761
22764
22768
22771
22772
22773
22774
22806
22815
22816
22821
22823
22824
22828
22829
22839
22841
22861
22870
22875
22878
22881
22882
22889
22891
22896
22897
22899
22906
22908
22909
22910
22911
22918
22920
22922
22930
22931
22933
22942
22945
22947
22949
22951
22954
22956
22962
22969
22974
22981
22983
22984
22990
23000
23005
23006
23007
23013
23017
23019
23020
23021
23022
23037
23047
23052
23055
23057
23060
23066
23072
23073
23082
23083
23084
23085
23087
23090
23091
23100
23102
23104
23110
23112
23113
23122
23125
23130
23131
23134
23135
23141
23157
23158
23162
23165
23166
23167
23168
23174
23176
23181
23185
23186
23190
23194
23210
23211
23217
23218
23220
23222
23228
23230
23232
23241
23245
23246
23247
23254
23255
23260
23262
23267
23271
23274
23275
23277
23283
23289
23293
23298
23301
23305
23313
23316
23317
23322
23323
23325
23330
23339
23345
23350
23357
23363
23371
23373
23379
23382
23383
23394
23396
23398
23400
23403
23411
23413
23417
23418
23422
23423
23424
23425
23430
23436
23441
23460
23466
23469
23472
23474
23476
23480
23484
23489
23493
23514
23520
23522
23531
23532
23534
23535
23538
23539
23550
23555
23556
23561
23575
23580
23586
23598
23600
23604
23607
23609
23610
23613
23615
23621
23622
23626
23628
23629
23632
23633
23634
23649
23651
23652
23653
23657
23658
23660
23661
23664
23665
23671
23674
23678
23682
23692
23699
23700
23704
23710
23711
23713
23715
23726
23730
23735
23742
23745
23746
23748
23757
23765
23766
23771
23772
23776
23782
23783
23789
23791
23796
23799
23801
23812
23815
23817
23819
23822
23838
23846
23848
23853
23854
23858
23866
23869
23881
23893
23897
23905
23906
23907
23913
23919
23920
23924
23925
23926
23927
23929
23930
23932
23933
23936
23939
23943
23955
23973
23975
23987
23992
23998
23999
24002
24008
24011
24013
24020
24023
24024
24028
24030
24033
24034
24035
24037
24041
24043
24045
24049
24052
24056
24065
24070
24071
24079
24084
24086
24095
24098
24109
24117
24121
24123
24124
24128
24131
24133
24134
24135
24146
24152
24155
24163
24164
24175
24189
24192
24196
24198
24203
24214
24219
24223
24230
24233
24234
24237
24241
24243
24244
24245
24247
24251
24259
24269
24273
24285
24286
24287
24296
24302
24305
24321
24322
24331
24338
24344
24350
24356
24370
24374
24378
24380
24383
24391
24402
24404
24405
24407
24408
24411
24414
24424
24425
24435
24438
24441
24444
24458
24459
24461
24462
24465
24468
24476
24479
24488
24490
24498
24504
24505
24509
24516
24517
24518
24522
24523
24524
24531
24532
24539
24540
24544
24547
24549
24554
24559
24562
24567
24569
24582
24587
24592
24602
24604
24607
24611
24613
24614
24617
24619
24623
24628
24629
24630
24636
24644
24645
24649
24650
24672
24682
24685
24689
24690
24692
24696
24707
24712
24713
24723
24724
24728
24739
24741
24745
24751
24754
24757
24758
24761
24768
24769
24772
24779
24781
24783
24799
24800
24810
24811
24814
24820
24826
24829
24837
24839
24844
24848
24852
24854
24864
24866
24868
24876
24879
24886
24888
24892
24895
24898
24899
24904
24909
24915
24924
24925
24932
24933
24935
24936
24938
24946
24949
24951
24955
24957
24963
24967
24970
24984
24993
24997
24999
25025
25029
25035
25036
25037
25040
25042
25048
25050
25053
25054
25056
25058
25059
25060
25065
25066
25069
25075
25081
25084
25085
25087
25089
25090
25092
25094
25097
25100
25108
25121
25122
25123
25139
25153
25161
25163
25164
25168
25179
25180
25181
25196
25198
25206
25207
25208
25211
25215
25218
25221
25222
25224
25226
25230
25231
25241
25244
25259
25266
25274
25277
25282
25283
25286
25288
25289
25295
25306
25307
25324
25329
25331
25343
25347
25352
25355
25357
25361
25365
25366
25367
25371
25373
25375
25388
25392
25398
25405
25408
25411
25414
25415
25416
25419
25426
25431
25433
25435
25447
25453
25466
25469
25477
25480
25485
25493
25501
25504
25513
25515
25518
25521
25525
25534
25536
25538
25542
25548
25551
25555
25561
25563
25564
25571
25575
25579
25580
25591
25594
25595
25598
25599
25605
25610
25613
25616
25619
25621
25623
25626
25637
25640
25642
25645
25648
25651
25652
25655
25661
25667
25682
25687
25692
25694
25699
25710
25711
25712
25722
25732
25733
25737
25738
25740
25750
25752
25753
25757
25760
25766
25767
25771
25777
25781
25785
25786
25788
25810
25811
25815
25822
25831
25839
25842
25851
25854
25855
25859
25862
25871
25872
25875
25886
25890
25894
25895
25899
25905
25930
25935
25945
25949
25950
25956
25960
25961
25972
25975
25980
25992
26010
26014
26015
26019
26030
26034
26035
26037
26040
26042
26048
26050
26052
26053
26057
26065
26066
26069
26071
26073
26074
26076
26079
26084
26085
26093
26094
26101
26103
26107
26110
26112
26113
26122
26125
26132
26133
26135
26137
26139
26143
26144
26148
26165
26167
26174
26177
26180
26183
26185
26191
26194
26195
26196
26198
26204
26210
26211
26212
26217
26220
26221
26225
26240
26245
26247
26248
26257
26266
26270
26277
26281
26283
26284
26289
26296
26300
26303
26311
26316
26319
26342
26347
26361
26365
26367
26374
26375
26380
26384
26393
26394
26397
26398
26399
26407
26412
26422
26424
26426
26428
26430
26436
26437
26440
26441
26448
26453
26455
26458
26464
26468
26469
26471
26472
26473
26480
26481
26490
26492
26493
26500
26503
26506
26511
26512
26515
26517
26522
26523
26525
26527
26531
26533
26537
26541
26543
26548
26556
26559
26563
26564
26566
26567
26571
26573
26583
26587
26597
26598
26602
26603
26604
26609
26611
26620
26622
26636
26639
26640
26645
26648
26652
26655
26669
26671
26672
26677
26684
26696
26698
26699
26703
26714
26715
26718
26719
26721
26728
26732
26738
26741
26748
26762
26763
26767
26782
26786
26797
26799
26800
26807
26816
26818
26821
26824
26828
26829
26831
26832
26835
26840
26841
26844
26849
26852
26855
26858
26864
26873
26874
26880
26896
26897
26901
26904
26907
26908
26910
26916
26923
26925
26927
26933
26934
26935
26951
26952
26953
26959
26965
26974
26975
26978
26986
26989
26990
26992
26995
26996
26999
27003
27004
27008
27012
27014
27024
27025
27032
27039
27040
27050
27062
27071
27072
27079
27080
27089
27091
27101
27102
27110
27113
27116
27121
27125
27135
27140
27141
27147
27151
27152
27155
27157
27166
27173
27176
27178
27186
27188
27189
27192
27208
27214
27216
27219
27230
27242
27244
27246
27247
27253
27254
27256
27265
27277
27278
27280
27281
27285
27287
27293
27294
27296
27297
27321
27331
27339
27344
27345
27346
27348
27364
27369
27373
27375
27376
27377
27385
27386
27391
27393
27395
27399
27404
27409
27414
27416
27423
27425
27428
27429
27448
27458
27461
27467
27479
27481
27482
27488
27492
27493
27499
27501
27504
27506
27507
27508
27519
27520
27526
27536
27537
27538
27539
27544
27548
27553
27560
27562
27566
27567
27587
27593
27594
27597
27606
27608
27609
27615
27623
27624
27625
27627
27630
27638
27647
27652
27664
27666
27668
27672
27678
27679
27683
27688
27691
27692
27696
27697
27711
27714
27716
27718
27719
27730
27732
27737
27740
27749
27756
27757
27760
27762
27764
27765
27767
27768
27771
27777
27781
27782
27785
27789
27793
27801
27804
27809
27815
27827
27833
27838
27844
27859
27860
27864
27866
27869
27871
27872
27875
27881
27883
27885
27902
27912
27913
27915
27921
27923
27926
27928
27931
27932
27934
27937
27949
27955
27966
27971
27982
27991
27995
28002
28006
28008
28018
28024
28038
28047
28060
28063
28064
28074
28080
28083
28087
28092
28093
28096
28099
28100
28105
28113
28118
28122
28132
28134
28138
28140
28145
28146
28148
28149
28160
28165
28171
28172
28174
28175
28176
28177
28178
28180
28182
28184
28185
28197
28201
28202
28205
28226
28232
28236
28239
28244
28245
28247
28248
28252
28254
28262
28263
28265
28271
28273
28277
28291
28295
28300
28302
28305
28306
28315
28320
28323
28326
28335
28350
28367
28368
28378
28396
28399
28402
28406
28407
28410
28420
28428
28434
28440
28441
28443
28450
28452
28461
28462
28465
28471
28472
28479
28499
28504
28511
28513
28522
28524
28529
28531
28533
28538
28544
28552
28555
28564
28570
28572
28579
28581
28582
28586
28587
28589
28598
28607
28611
28615
28619
28627
28637
28660
28670
28671
28673
28674
28679
28693
28695
28696
28715
28720
28728
28738
28746
28753
28754
28769
28780
28781
28783
28785
28787
28794
28796
28797
28800
28801
28802
28806
28807
28812
28813
28819
28820
28821
28822
28824
28827
28835
28837
28838
28850
28852
28854
28858
28859
28860
28867
28868
28879
28883
28885
28895
28896
28899
28900
28901
28902
28908
28909
28926
28928
28930
28936
28942
28945
28950
28955
28958
28961
28965
28970
28973
28978
28988
28991
28993
28994
28995
28997
29000
29002
29003
29006
29008
29009
29013
29015
29020
29023
29025
29031
29032
29037
29040
29044
29050
29053
29055
29057
29067
29069
29070
29086
29091
29094
29097
29102
29111
29112
29115
29120
29124
29125
29126
29141
29145
29146
29147
29150
29154
29155
29158
29164
29175
29176
29182
29184
29186
29189
29190
29193
29194
29195
29202
29207
29225
29229
29238
29252
29253
29257
29258
29269
29278
29283
29285
29290
29295
29297
29301
29310
29322
29331
29333
29350
29355
29360
29361
29364
29368
29370
29381
29385
29388
29390
29401
29426
29429
29430
29431
29438
29441
29448
29449
29458
29460
29461
29462
29465
29473
29481
29482
29487
29489
29490
29500
29501
29503
29517
29527
29531
29533
29537
29539
29545
29557
29563
29566
29567
29570
29572
29574
29577
29587
29591
29595
29599
29605
29612
29615
29616
29621
29635
29636
29639
29652
29655
29658
29662
29664
29674
29677
29681
29683
29697
29698
29703
29704
29719
29721
29722
29728
29731
29733
29734
29736
29749
29750
29751
29753
29754
29757
29758
29760
29768
29776
29785
29795
29796
29797
29798
29799
29805
29812
29813
29817
29820
29822
29824
29829
29831
29839
29842
29845
29850
29854
29862
29863
29866
29868
29870
29873
29884
29890
29894
29895
29898
29899
29900
29904
29906
29913
29914
29919
29920
29927
29928
29936
29940
29942
29960
29961
29962
29965
29971
29979
29980
29984
29986
29990
29994
29996
30000
30001
30008
30016
30022
30023
30028
30034
30045
30059
30069
30078
30081
30083
30086
30090
30092
30095
30098
30111
30120
30123
30124
30131
30132
30134
30135
30142
30153
30157
30159
30171
30172
30173
30174
30175
30176
30181
30182
30184
30185
30188
30191
30200
30206
30214
30216
30219
30224
30229
30240
30243
30245
30255
30268
30274
30280
30282
30294
30296
30297
30302
30317
30324
30326
30331
30336
30348
30349
30351
30355
30357
30361
30371
30374
30376
30398
30401
30410
30411
30414
30418
30429
30432
30435
30437
30438
30440
30443
30459
30465
30472
30480
30483
30492
30501
30503
30505
30506
30507
30512
30520
30522
30524
30526
30529
30531
30532
30537
30538
30543
30544
30548
30554
30555
30561
30575
30576
30582
30583
30592
30594
30606
30620
30623
30625
30628
30634
30635
30637
30641
30642
30643
30647
30651
30658
30667
30678
30680
30685
30693
30695
30697
30700
30702
30717
30719
30725
30726
30728
30740
30741
30745
30747
30749
30765
30767
30770
30782
30790
30792
30802
30803
30815
30818
30820
30821
30829
30838
30839
30840
30843
30844
30851
30862
30873
30875
30886
30887
30890
30892
30897
30898
30899
30908
30911
30919
30920
30921
30929
30930
30931
30936
30944
30946
30951
30957
30958
30964
30967
30970
30972
30981
30991
31002
31008
31010
31015
31021
31025
31028
31031
31038
31049
31055
31058
31059
31060
31064
31066
31071
31072
31079
31080
31090
31091
31096
31101
31112
31118
31128
31134
31135
31137
31147
31148
31159
31162
31163
31174
31177
31182
31185
31189
31192
31196
31198
31199
31209
31222
31223
31227
31231
31245
31251
31260
31263
31264
31266
31270
31274
31294
31299
31300
31307
31308
31309
31310
31315
31324
31333
31335
31340
31349
31354
31363
31364
31365
31368
31374
31381
31383
31387
31390
31407
31410
31411
31412
31415
31419
31427
31434
31438
31441
31444
31449
31452
31454
31461
31463
31464
31467
31473
31479
31487
31493
31500
31505
31508
31516
31520
31540
31551
31564
31568
31570
31571
31580
31584
31590
31595
31601
31610
31617
31619
31623
31625
31627
31633
31644
31647
31651
31659
31660
31665
31666
31668
31676
31681
31683
31685
31689
31701
31709
31710
31711
31713
31716
31722
31731
31734
31740
31748
31749
31751
31752
31755
31757
31765
31769
31772
31777
31780
31785
31786
31792
31796
31797
31802
31804
31805
31807
31811
31815
31816
31820
31830
31834
31838
31852
31854
31861
31863
31866
31869
31871
31876
31879
31888
31889
31895
31899
31902
31926
31930
31944
31948
31956
31967
31970
31973
31974
31980
31992
31993
31996
32000
32006
32008
32015
32023
32028
32036
32039
32040
32046
32047
32049
32050
32052
32054
32056
32057
32059
32061
32062
32063
32070
32078
32081
32083
32084
32087
32091
32105
32107
32109
32110
32111
32115
32116
32119
32123
32125
32129
32134
32135
32136
32138
32144
32155
32157
32159
32161
32164
32174
32178
32179
32180
32185
32202
32210
32212
32216
32224
32225
32227
32235
32238
32245
32247
32256
32264
32267
32268
32269
32276
32280
32281
32282
32283
32284
32287
32289
32295
32312
32317
32318
32319
32327
32336
32342
32346
32347
32348
32350
32354
32364
32369
32371
32376
32383
32384
32396
32404
32407
32412
32416
32417
32419
32427
32437
32440
32442
32449
32451
32458
32478
32483
32485
32489
32492
32496
32499
32514
32517
32519
32524
32537
32538
32541
32554
32559
32563
32569
32574
32578
32579
32588
32593
32598
32600
32602
32606
32630
32633
32637
32639
32645
32646
32649
32652
32663
32675
32681
32699
32700
32703
32707
32710
32721
32725
32731
32732
32735
32736
32739
32743
32752
32753
32755
32756
32758
32762
32768
32769
32774
32777
32778
32785
32786
32793
32797
32803
32810
32822
32832
32834
32839
32841
32848
32859
32862
32863
32865
32880
32882
32889
32896
32900
32901
32904
32918
32929
32931
32943
32945
32946
32948
32961
32962
32963
32965
32967
32976
32993
32995
32997
33004
33005
33009
33010
33013
33018
33020
33027
33030
33031
33042
33047
33049
33059
33069
33075
33078
33090
33095
33100
33102
33105
33109
33119
33121
33126
33142
33143
33151
33157
33165
33168
33170
33174
33181
33184
33196
33198
33229
33230
33232
33236
33237
33239
33240
33255
33263
33265
33269
33275
33281
33290
33292
33294
33296
33311
33312
33318
33322
33324
33327
33329
33332
33333
33334
33336
33338
33356
33363
33365
33366
33370
33375
33376
33379
33388
33410
33426
33433
33434
33437
33445
33449
33451
33452
33454
33460
33462
33463
33469
33470
33473
33475
33478
33479
33480
33481
33486
33490
33502
33504
33507
33512
33524
33525
33529
33536
33540
33545
33556
33557
33559
33563
33580
33583
33585
33586
33587
33593
33594
33598
33615
33619
33620
33622
33627
33633
33641
33646
33654
33657
33659
33661
33662
33668
33680
33690
33694
33709
33714
33718
33719
33722
33723
33728
33729
33730
33732
33738
33739
33744
33746
33754
33757
33759
33765
33773
33774
33776
33785
33786
33799
33802
33805
33816
33819
33831
33837
33842
33843
33857
33862
33867
33883
33885
33888
33890
33908
33910
33917
33925
33931
33936
33942
33945
33948
33950
33953
33959
33960
33971
33975
33982
33984
33990
33992
33993
33996
34002
34004
34009
34023
34030
34033
34035
34037
34049
34052
34055
34057
34061
34063
34064
34068
34070
34074
34075
34078
34079
34085
34089
34091
34095
34096
34102
34110
34119
34124
34126
34128
34141
34145
34147
34152
34157
34160
34161
34167
34169
34172
34194
34196
34198
34204
34205
34210
34217
34221
34224
34230
34234
34236
34238
34240
34243
34245
34262
34264
34265
34272
34279
34280
34282
34286
34290
34299
34301
34311
34313
34314
34319
34323
34324
34326
34330
34339
34345
34346
34348
34352
34353
34356
34357
34362
34363
34364
34367
34368
34370
34378
34400
34401
34402
34403
34405
34406
34410
34413
34416
34437
34441
34444
34447
34457
34467
34472
34474
34475
34479
34480
34483
34485
34487
34498
34505
34511
34512
34518
34519
34529
34533
34537
34550
34552
34557
34560
34561
34569
34572
34575
34580
34583
34584
34593
34599
34600
34601
34603
34605
34611
34617
34619
34623
34627
34640
34644
34647
34651
34653
34656
34665
34669
34672
34678
34685
34692
34696
34704
34706
34709
34711
34712
34714
34717
34720
34721
34725
34726
34730
34739
34742
34744
34747
34748
34751
34753
34755
34759
34768
34774
34777
34778
34786
34787
34788
34790
34798
34803
34805
34816
34822
34824
34829
34832
34834
34846
34850
34863
34864
34865
34866
34867
34869
34877
34878
34880
34886
34901
34903
34904
34912
34913
34923
34931
34935
34939
34943
34945
34950
34953
34954
34959
34963
34967
34981
34987
34989
34995
35000
35004
35006
35007
35018
35023
35025
35027
35030
35032
35034
35040
35041
35042
35043
35052
35070
35073
35075
35086
35097
35111
35112
35118
35123
35129
35132
35140
35142
35143
35145
35151
35152
35159
35161
35165
35168
35175
35176
35178
35183
35193
35205
35210
35211
35217
35222
35225
35226
35233
35235
35243
35246
35273
35275
35277
35278
35279
35292
35295
35296
35298
35300
35303
35305
35307
35316
35318
35320
35322
35325
35331
35333
35336
35346
35355
35358
35360
35366
35371
35375
35376
35379
35383
35384
35388
35390
35397
35399
35400
35401
35402
35407
35408
35414
35416
35417
35433
35443
35447
35449
35461
35464
35467
35476
35487
35491
35492
35493
35495
35496
35503
35505
35509
35514
35528
35540
35542
35543
35544
35545
35546
35547
35548
35557
35563
35571
35574
35576
35577
35583
35586
35591
35612
35617
35619
35620
35621
35623
35624
35627
35638
35639
35641
35644
35645
35654
35657
35658
35663
35666
35668
35672
35673
35674
35678
35680
35686
35687
35693
35703
35704
35713
35727
35731
35736
35751
35757
35769
35775
35776
35782
35783
35786
35787
35789
35802
35806
35807
35815
35818
35827
35832
35834
35836
35838
35842
35851
35859
35870
35874
35876
35883
35892
35894
35898
35923
35932
35935
35936
35941
35943
35962
35969
35970
35977
35979
35986
35987
36000
36003
36004
36005
36007
36008
36015
36017
36019
36025
36031
36042
36043
36049
36068
36069
36074
36078
36083
36085
36086
36120
36128
36137
36139
36146
36157
36159
36160
36161
36162
36173
36189
36193
36212
36213
36221
36228
36231
36244
36246
36259
36273
36277
36279
36284
36286
36290
36293
36295
36296
36299
36304
36308
36314
36316
36318
36322
36323
36327
36337
36345
36352
36363
36378
36381
36383
36390
36396
36411
36412
36416
36423
36428
36431
36451
36455
36456
36458
36464
36470
36475
36476
36477
36485
36486
36487
36494
36495
36496
36499
36501
36507
36510
36511
36513
36533
36536
36541
36543
36544
36545
36561
36566
36579
36590
36598
36600
36602
36603
36604
36608
36611
36612
36620
36621
36626
36627
36628
36633
36635
36637
36667
36691
36692
36695
36698
36700
36703
36704
36718
36719
36721
36724
36725
36727
36728
36730
36731
36734
36735
36740
36742
36746
36750
36752
36753
36755
36757
36761
36767
36770
36772
36778
36780
36781
36788
36789
36791
36801
36803
36809
36811
36816
36829
36830
36831
36833
36835
36837
36838
36842
36844
36850
36854
36857
36861
36871
36874
36879
36881
36888
36894
36895
36898
36910
36915
36921
36924
36938
36939
36943
36944
36947
36949
36957
36962
36973
36979
36986
36993
36996
36998
37000
37005
37017
37019
37022
37026
37028
37030
37034
37035
37039
37046
37049
37051
37055
37066
37067
37082
37089
37092
37097
37098
37103
37112
37124
37131
37134
37135
37151
37154
37161
37165
37180
37182
37183
37184
37191
37196
37197
37201
37202
37208
37211
37225
37229
37239
37242
37247
37251
37255
37262
37264
37265
37268
37269
37271
37274
37276
37279
37283
37288
37290
37292
37300
37307
37311
37314
37318
37321
37325
37328
37332
37333
37335
37349
37351
37356
37358
37361
37363
37366
37370
37371
37372
37383
37393
37394
37401
37403
37404
37409
37413
37420
37423
37424
37426
37434
37441
37442
37443
37445
37448
37455
37466
37474
37476
37480
37481
37483
37493
37505
37511
37513
37522
37524
37529
37532
37533
37539
37552
37554
37559
37569
37570
37573
37579
37588
37591
37593
37603
37604
37609
37612
37621
37622
37623
37635
37641
37645
37650
37652
37656
37657
37660
37663
37667
37668
37669
37670
37674
37682
37685
37686
37687
37694
37696
37697
37700
37718
37724
37728
37731
37734
37739
37740
37741
37750
37752
37756
37758
37761
37770
37772
37780
37795
37797
37798
37803
37805
37806
37807
37809
37811
37815
37822
37830
37831
37836
37857
37860
37865
37873
37878
37884
37886
37889
37890
37893
37895
37898
37903
37906
37908
37916
37920
37925
37933
37937
37942
37955
37957
37959
37960
37963
37967
37974
37981
37985
37988
37990
37991
37992
37994
37999
38001
38004
38019
38023
38045
38048
38049
38051
38062
38074
38079
38081
38085
38087
38088
38091
38097
38100
38101
38107
38124
38126
38128
38133
38137
38144
38145
38153
38155
38160
38161
38163
38168
38170
38176
38178
38179
38194
38197
38210
38216
38217
38221
38224
38228
38229
38232
38233
38236
38245
38251
38252
38256
38264
38265
38270
38274
38289
38291
38293
38295
38311
38324
38329
38333
38335
38336
38337
38356
38359
38364
38367
38368
38373
38380
38386
38394
38401
38403
38407
38408
38415
38416
38419
38420
38425
38426
38446
38456
38464
38469
38475
38476
38481
38489
38503
38505
38513
38526
38528
38534
38536
38539
38546
38551
38552
38558
38563
38573
38575
38586
38587
38591
38593
38595
38603
38619
38623
38625
38631
38641
38642
38643
38646
38647
38672
38673
38676
38677
38678
38684
38686
38688
38703
38704
38713
38720
38722
38725
38727
38728
38732
38735
38736
38737
38739
38744
38746
38749
38752
38755
38758
38763
38766
38770
38771
38774
38777
38781
38784
38785
38792
38804
38814
38815
38816
38819
38821
38822
38840
38849
38853
38855
38857
38860
38869
38877
38880
38882
38886
38889
38893
38897
38900
38903
38909
38915
38920
38923
38926
38927
38929
38930
38939
38952
38956
38958
38959
38962
38967
38971
38973
38976
38977
38979
38989
38993
38995
39005
39008
39009
39018
39021
39023
39027
39029
39046
39047
39057
39065
39067
39069
39073
39074
39075
39088
39089
39090
39091
39092
39096
39098
39099
39100
39105
39110
39125
39129
39139
39142
39145
39147
39149
39150
39151
39156
39157
39159
39162
39166
39173
39174
39182
39188
39192
39197
39198
39199
39212
39219
39222
39227
39231
39233
39244
39259
39277
39280
39297
39312
39319
39322
39330
39335
39336
39337
39351
39364
39366
39372
39378
39389
39393
39395
39396
39398
39399
39401
39403
39404
39407
39411
39412
39414
39417
39419
39420
39421
39434
39435
39439
39440
39441
39445
39454
39456
39461
39471
39474
39477
39480
39482
39484
39488
39491
39493
39512
39517
39519
39525
39533
39542
39551
39552
39554
39555
39556
39558
39565
39566
39572
39573
39577
39578
39579
39580
39586
39607
39608
39617
39618
39619
39620
39621
39636
39641
39644
39656
39660
39665
39667
39669
39670
39671
39674
39681
39683
39686
39697
39700
39707
39710
39712
39714
39717
39723
39729
39730
39737
39738
39739
39754
39762
39766
39767
39776
39777
39779
39782
39783
39789
39803
39808
39809
39814
39817
39819
39825
39827
39829
39840
39844
39848
39856
39857
39858
39859
39866
39872
39873
39874
39878
39885
39893
39894
39898
39901
39908
39909
39919
39920
39921
39926
39930
39934
39941
39945
39949
39950
39954
39956
39961
39962
39963
39965
39966
39983
39989
39992
39994
39996
40007
40009
40013
40015
40021
40023
40027
40032
40042
40043
40047
40057
40059
40060
40064
40065
40068
40069
40071
40073
40079
40081
40094
40120
40121
40122
40133
40136
40137
40142
40144
40146
40147
40148
40150
40154
40161
40166
40190
40191
40198
40201
40202
40205
40211
40212
40227
40232
40239
40240
40246
40248
40250
40253
40257
40259
40270
40276
40279
40280
40284
40286
40289
40290
40291
40304
40310
40316
40323
40335
40337
40343
40345
40348
40349
40351
40353
40357
40358
40370
40381
40401
40414
40418
40423
40426
40428
40430
40434
40436
40437
40453
40458
40466
40467
40475
40477
40483
40506
40507
40511
40518
40520
40521
40537
40538
40545
40552
40557
40560
40567
40571
40572
40579
40585
40586
40591
40592
40593
40595
40604
40605
40620
40621
40625
40626
40633
40638
40640
40643
40645
40650
40652
40667
40668
40671
40673
40675
40678
40690
40691
40692
40696
40710
40711
40713
40715
40723
40727
40728
40731
40736
40740
40746
40755
40757
40758
40759
40768
40769
40770
40772
40776
40783
40786
40788
40789
40794
40808
40840
40847
40848
40850
40855
40860
40877
40878
40881
40885
40888
40889
40897
40901
40904
40909
40918
40921
40927
40931
40946
40955
40956
40957
40959
40961
40962
40968
40969
40976
40986
40989
40990
40993
41002
41003
41004
41009
41012
41019
41020
41037
41040
41045
41047
41055
41064
41068
41070
41072
41075
41076
41083
41088
41092
41095
41108
41109
41113
41118
41124
41130
41135
41136
41140
41146
41148
41150
41152
41154
41159
41162
41163
41170
41172
41174
41175
41179
41180
41181
41184
41194
41216
41223
41228
41231
41233
41244
41245
41249
41250
41264
41265
41270
41280
41282
41284
41285
41286
41292
41293
41306
41309
41310
41323
41332
41335
41336
41338
41339
41352
41353
41366
41375
41376
41378
41381
41382
41383
41391
41398
41401
41410
41412
41415
41421
41424
41427
41442
41443
41449
41453
41458
41460
41464
41466
41467
41471
41473
41478
41479
41482
41495
41498
41499
41504
41505
41509
41510
41512
41515
41516
41518
41526
41527
41531
41532
41534
41535
41540
41550
41553
41556
41560
41563
41567
41570
41572
41577
41581
41585
41587
41589
41590
41593
41595
41598
41602
41610
41611
41613
41618
41621
41623
41632
41633
41637
41642
41643
41646
41647
41655
41656
41659
41663
41677
41685
41690
41692
41694
41696
41703
41707
41712
41714
41717
41729
41732
41738
41745
41751
41763
41766
41771
41773
41780
41784
41787
41788
41789
41793
41798
41806
41813
41815
41828
41831
41840
41841
41847
41850
41856
41862
41866
41876
41878
41886
41889
41892
41897
41906
41908
41917
41921
41923
41926
41931
41933
41935
41936
41956
41965
41969
41972
41973
41974
41976
41977
41987
41989
41993
41999
42002
42010
42012
42013
42023
42025
42026
42035
42044
42052
42054
42055
42057
42059
42060
42066
42069
42084
42086
42091
42097
42100
42102
42112
42114
42126
42132
42133
42135
42149
42153
42162
42164
42166
42170
42175
42176
42190
42197
42199
42204
42216
42219
42227
42231
42233
42237
42241
42242
42254
42255
42256
42271
42276
42280
42286
42288
42293
42303
42304
42306
42313
42314
42318
42324
42331
42332
42337
42341
42349
42359
42365
42368
42388
42400
42406
42407
42408
42410
42412
42415
42416
42419
42423
42424
42425
42430
42440
42456
42460
42463
42474
42490
42496
42505
42515
42521
42526
42531
42549
42555
42569
42570
42573
42579
42581
42584
42599
42605
42614
42619
42620
42621
42624
42626
42631
42635
42637
42641
42648
42649
42653
42663
42664
42665
42666
42669
42670
42682
42687
42688
42695
42696
42701
42703
42707
42708
42712
42713
42716
42721
42725
42726
42731
42740
42745
42748
42751
42763
42773
42774
42791
42792
42794
42797
42800
42801
42806
42814
42824
42830
42841
42848
42850
42859
42865
42877
42882
42889
42890
42897
42901
42923
42927
42929
42931
42932
42938
42942
42945
42949
42952
42955
42956
42957
42959
42960
42963
42970
42972
42973
42975
42977
42982
42985
42987
42993
42997
43001
43007
43008
43009
43011
43018
43021
43023
43024
43026
43028
43030
43031
43037
43061
43064
43076
43081
43087
43092
43094
43098
43113
43114
43116
43120
43123
43124
43125
43137
43139
43143
43145
43146
43148
43160
43161
43166
43167
43173
43178
43181
43182
43189
43190
43205
43212
43215
43217
43231
43244
43246
43253
43258
43261
43266
43271
43273
43281
43282
43296
43307
43313
43314
43315
43319
43322
43325
43334
43335
43344
43351
43357
43362
43373
43374
43381
43384
43394
43399
43406
43410
43424
43428
43430
43431
43432
43435
43438
43445
43452
43458
43460
43465
43470
43480
43494
43498
43503
43510
43512
43513
43517
43518
43522
43526
43538
43541
43543
43544
43559
43568
43575
43576
43577
43587
43588
43590
43592
43602
43606
43609
43610
43613
43615
43619
43620
43623
43624
43626
43631
43642
43646
43661
43666
43667
43674
43677
43685
43690
43691
43693
43701
43703
43708
43714
43719
43727
43729
43730
43736
43737
43739
43744
43749
43755
43761
43765
43773
43776
43778
43779
43791
43792
43794
43801
43807
43809
43810
43816
43817
43820
43822
43827
43829
43831
43839
43841
43845
43847
43848
43849
43850
43874
43875
43877
43879
43884
43893
43894
43895
43896
43897
43899
43901
43902
43913
43918
43927
43928
43931
43935
43945
43947
43961
43983
43989
43990
44003
44008
44022
44025
44026
44030
44034
44041
44048
44050
44054
44057
44058
44063
44073
44075
44082
44087
44089
44092
44098
44103
44112
44116
44117
44118
44122
44132
44133
44139
44140
44143
44153
44154
44155
44162
44177
44180
44198
44202
44204
44206
44207
44208
44212
44215
44216
44217
44222
44229
44233
44237
44238
44240
44246
44250
44254
44257
44264
44268
44272
44276
44277
44281
44289
44305
44306
44310
44314
44316
44325
44328
44333
44334
44336
44338
44339
44340
44341
44342
44355
44364
44373
44374
44381
44392
44395
44403
44406
44409
44418
44420
44423
44436
44440
44441
44443
44449
44459
44461
44462
44465
44467
44468
44474
44480
44484
44487
44490
44493
44498
44500
44503
44506
44507
44508
44521
44529
44531
44546
44554
44556
44557
44560
44566
44568
44571
44572
44573
44575
44576
44581
44586
44592
44600
44605
44607
44610
44632
44635
44637
44644
44652
44655
44658
44671
44678
44682
44686
44688
44692
44693
44694
44700
44702
44704
44719
44734
44749
44750
44752
44754
44758
44759
44765
44770
44776
44777
44778
44780
44787
44788
44795
44802
44806
44810
44811
44814
44818
44821
44822
44823
44825
44827
44828
44830
44839
44848
44852
44856
44859
44864
44866
44880
44887
44890
44895
44896
44903
44907
44918
44922
44923
44926
44931
44938
44940
44946
44948
44949
44951
44954
44956
44959
44971
44975
44982
44986
44988
44989
45013
45019
45026
45028
45038
45043
45050
45053
45054
45056
45059
45063
45064
45065
45068
45073
45077
45079
45090
45096
45097
45103
45109
45114
45122
45124
45125
45127
45128
45135
45143
45144
45172
45176
45178
45180
45181
45187
45191
45192
45193
45196
45207
45213
45214
45218
45222
45223
45224
45229
45230
45234
45237
45238
45244
45254
45261
45262
45275
45291
45293
45294
45295
45306
45308
45309
45317
45318
45322
45323
45328
45333
45341
45343
45349
45350
45352
45355
45356
45357
45363
45364
45367
45371
45373
45374
45380
45384
45403
45418
45420
45426
45428
45432
45433
45435
45451
45455
45457
45464
45467
45469
45475
45476
45487
45501
45503
45511
45515
45516
45517
45524
45525
45526
45527
45528
45532
45537
45538
45544
45547
45549
45552
45554
45570
45578
45589
45591
45592
45602
45607
45613
45623
45627
45629
45630
45633
45640
45642
45647
45652
45657
45668
45674
45690
45692
45700
45701
45712
45714
45721
45722
45732
45736
45738
45741
45743
45745
45748
45750
45754
45755
45758
45765
45768
45772
45773
45777
45790
45792
45797
45799
45804
45812
45823
45826
45832
45833
45839
45844
45849
45851
45856
45860
45866
45869
45871
45879
45882
45884
45892
45895
45898
45902
45909
45917
45921
45929
45932
45933
45935
45936
45939
45941
45948
45951
45954
45959
45976
45979
45982
45986
45995
45996
46004
46005
46016
46021
46022
46029
46032
46033
46038
46041
46045
46057
46058
46060
46062
46064
46065
46071
46074
46075
46078
46083
46089
46098
46104
46105
46121
46123
46124
46136
46137
46139
46141
46142
46143
46148
46153
46161
46164
46165
46166
46174
46179
46181
46183
46184
46186
46192
46194
46201
46203
46207
46210
46212
46214
46218
46225
46227
46235
46247
46262
46269
46277
46280
46281
46287
46293
46298
46302
46308
46309
46314
46333
46340
46345
46352
46357
46359
46381
46382
46394
46397
46401
46406
46412
46415
46416
46433
46438
46441
46444
46450
46455
46456
46463
46469
46470
46472
46476
46478
46484
46486
46490
46496
46498
46503
46504
46509
46510
46517
46519
46520
46522
46523
46525
46527
46537
46544
46546
46547
46548
46553
46559
46560
46568
46571
46574
46583
46584
46595
46598
46599
46604
46605
46612
46618
46620
46621
46622
46636
46637
46639
46642
46649
46671
46676
46678
46681
46692
46693
46700
46704
46706
46708
46709
46710
46712
46727
46729
46732
46734
46748
46749
46761
46762
46765
46767
46770
46773
46787
46795
46805
46807
46819
46820
46827
46831
46836
46837
46842
46847
46853
46855
46861
46865
46869
46878